-5.000000000000000000e+00 1.810091958315731067e-02
-4.500000000000000000e+00 2.837552604630004527e-02
-4.000000000000000000e+00 3.304872271534590317e-03
-3.500000000000000000e+00 3.357543134210033003e-02
-3.000000000000000000e+00 6.167639027185389811e-02
-2.500000000000000000e+00 6.730258055280620433e-02
-2.000000000000000000e+00 1.153521372000447520e-01
-1.500000000000000000e+00 1.922564006645924861e-01
-1.000000000000000000e+00 2.630507266852489812e-01
-5.000000000000000000e-01 3.729391284623557179e-01
0.000000000000000000e+00 5.084251452291775886e-01
5.000000000000000000e-01 6.100861543339874959e-01
1.000000000000000000e+00 7.281395013218290302e-01
1.500000000000000000e+00 7.998424023659959081e-01
2.000000000000000000e+00 8.872938835469469376e-01
2.500000000000000000e+00 9.268909035135984853e-01
3.000000000000000000e+00 9.526471177555173586e-01
3.500000000000000000e+00 9.751672556382393608e-01
4.000000000000000000e+00 9.670512089349100338e-01
4.500000000000000000e+00 9.859576066724242693e-01
5.000000000000000000e+00 9.910154595915825482e-01
